Average fitness on testing data for parameters1: 0.8323809523809522
Average fitness on testing data for parameters2: 0.9341463414634147

0.7322448979591837
0.7412244897959184
0.7404081632653061
0.7514285714285713
0.7579591836734693
0.7746938775510204
0.770204081632653
0.7726530612244898
0.7755102040816327
0.7808163265306123
0.7914285714285715
0.7971428571428572
0.8004081632653062
0.8065306122448981
0.8061224489795917
0.8151020408163264
0.8175510204081633
0.823673469387755
0.8269387755102041
0.8322448979591837
0.8318367346938775
0.8391836734693877
0.8424489795918367
0.8453061224489795
0.8481632653061222
0.8522448979591836
0.8542857142857143
0.86
0.8620408163265305
0.8653061224489796
0.8657142857142857
0.8677551020408163
0.8685714285714287
0.8710204081632653
0.8746938775510206
0.8742857142857143
0.8763265306122449
0.8812244897959183
0.880408163265306
0.8812244897959184
0.8844897959183674
0.8861224489795918
0.8873469387755101
0.8881632653061224
0.8889795918367346
0.8918367346938776
0.89265306122449
0.896734693877551
0.8987755102040816
0.9024489795918367
avg_max_test1
0.7285714285714284
0.7375510204081632
0.7489795918367347
0.756734693877551
0.7624489795918367
0.7697959183673468
0.7714285714285714
0.7751020408163264
0.7857142857142856
0.7877551020408162
0.806938775510204
0.8089795918367345
0.8114285714285714
0.8151020408163265
0.8175510204081633
0.8216326530612245
0.8224489795918368
0.8257142857142858
0.8326530612244898
0.8346938775510203
0.8412244897959184
0.8457142857142859
0.8506122448979593
0.8526530612244898
0.8559183673469388
0.859591836734694
0.8608163265306121
0.866530612244898
0.8685714285714285
0.869795918367347
0.8800000000000001
0.8808163265306123
0.8816326530612246
0.8848979591836734
0.8877551020408163
0.8893877551020409
0.8906122448979593
0.89265306122449
0.893061224489796
0.8926530612244898
0.9126530612244899
0.9151020408163266
0.9167346938775509
0.9167346938775509
0.9187755102040818
0.9187755102040815
0.9195918367346939
0.9204081632653063
0.9232653061224492
0.9244897959183674
avg_max_test2
0.5929877551020408
0.6226367346938775
0.6348571428571429
0.6538285714285713
0.6711591836734694
0.6824979591836735
0.6833387755102042
0.6881061224489796
0.6918530612244899
0.6960081632653061
0.7038367346938778
0.7046857142857144
0.7223836734693877
0.7256408163265305
0.7312571428571428
0.7364816326530612
0.7437469387755101
0.7536734693877551
0.7571183673469387
0.7705469387755102
0.772930612244898
0.7831102040816326
0.7844326530612244
0.7981714285714285
0.7983591836734693
0.7903673469387755
0.8037142857142857
0.8073714285714285
0.8169061224489796
0.814881632653061
0.823730612244898
0.8275673469387754
0.8343428571428572
0.8319918367346938
0.832408163265306
0.8405795918367348
0.8343836734693877
0.8391918367346939
0.8488979591836735
0.8371020408163267
0.8465387755102041
0.8457387755102042
0.8465061224489796
0.8536489795918367
0.8570367346938775
0.8573387755102042
0.8562938775510205
0.8614448979591837
0.860865306122449
0.8560979591836736
avg_test1
0.5072734693877551
0.5706204081632652
0.6217469387755102
0.6444244897959183
0.6697469387755102
0.6742367346938776
0.6885877551020407
0.684865306122449
0.6995102040816327
0.7034612244897959
0.7131183673469388
0.7185469387755102
0.7285224489795917
0.7196571428571429
0.7249224489795918
0.7419591836734695
0.7450775510204082
0.756538775510204
0.7669224489795917
0.7687918367346939
0.7664489795918368
0.7697551020408163
0.7708408163265307
0.7770938775510203
0.7805306122448981
0.7822285714285714
0.7881469387755102
0.8080326530612245
0.807608163265306
0.8050612244897959
0.8090448979591836
0.8204489795918366
0.8297224489795918
0.8253959183673467
0.8356
0.8350857142857142
0.8323510204081632
0.8405795918367346
0.8408897959183672
0.8567265306122449
0.8507510204081633
0.8532734693877551
0.8654938775510204
0.8639510204081633
0.8747673469387756
0.8821714285714286
0.8798285714285715
0.882
0.883061224489796
0.8861469387755101
avg_test2
